63.430457  |  10.3960229
63.4303428  |  10.3992759
63.4303151  |  10.400056
63.4302655  |  10.401478
63.4297497  |  10.4011034
63.4295312  |  10.4009605
63.4291584  |  10.4006854
63.4287914  |  10.4004146
63.4284091  |  10.4001036
63.4279407  |  10.3997884
63.4278444  |  10.3985732
63.4277021  |  10.3965772
63.4276219  |  10.3952336
63.4276073  |  10.3950125
63.4275606  |  10.394116
63.4275469  |  10.3938342
63.4275091  |  10.3930141
63.4264994  |  10.3933737
63.4257535  |  10.3935348
63.4249145  |  10.3937931
63.4229378  |  10.3943594
63.4228522  |  10.3943768
63.4225957  |  10.394562
63.4221634  |  10.3947338
63.4216652  |  10.3948822
63.4212888  |  10.395071
63.4211299  |  10.3951413
63.4207483  |  10.395298
63.4205111  |  10.3954117
63.4201198  |  10.3956057
63.4198415  |  10.3957735
63.4192272  |  10.3960998
63.4190831  |  10.3961764
63.4180857  |  10.3967045
63.4167396  |  10.3973606
63.4153707  |  10.3980793
63.4149459  |  10.3982908
63.4125704  |  10.3992593
63.4124813  |  10.3992868
63.411947  |  10.3993195
63.4095481  |  10.3990587
63.4086475  |  10.3988011
63.4044945  |  10.396919
63.4015871  |  10.3956011
63.39815  |  10.3936726
63.396648  |  10.3921823
63.3952198  |  10.3902474
63.3947748  |  10.3895581
63.3918517  |  10.3848296
63.3897119  |  10.3816161
63.3845351  |  10.3767854
63.384243  |  10.3765833
63.3840599  |  10.3764287
63.3755131  |  10.376941
63.3752857  |  10.3771639
63.3744021  |  10.3779389
63.3738079  |  10.3784064
63.3706442  |  10.379732
63.3700971  |  10.3797139
63.3671735  |  10.3784765
63.3655487  |  10.3771612
63.3641599  |  10.3763886
63.3630864  |  10.3756349
63.3625756  |  10.3752913
63.3619371  |  10.3747553
63.3616658  |  10.3744715
63.3606741  |  10.3737096
63.3603657  |  10.3737608
63.3603346  |  10.3737925
63.3602018  |  10.373725
63.3601604  |  10.3735507
63.3594533  |  10.3727446
63.3582958  |  10.3717454
63.3485136  |  10.3703299
63.3466343  |  10.3709966
63.3466015  |  10.371335
63.3464322  |  10.3714561
63.3463242  |  10.3709336
63.3441635  |  10.3685805
63.3392048  |  10.3624772
63.3346073  |  10.357672
63.3329302  |  10.35593
63.3319535  |  10.3551963
63.3305745  |  10.3537586
63.3293766  |  10.3523961
63.3289042  |  10.35168
63.3266266  |  10.3465111
63.3262269  |  10.344269
63.3261318  |  10.335305
63.3222856  |  10.3135907
63.3179172  |  10.2977515
63.31753  |  10.297196
63.3170934  |  10.2966448
63.3028733  |  10.2879347
63.3024328  |  10.2877717
63.3013582  |  10.2873686
63.2990997  |  10.2857377
63.2981711  |  10.284618
63.2960745  |  10.280976
63.2865037  |  10.2718452
63.2862419  |  10.2718485
63.2830161  |  10.2735234
63.280051  |  10.2777275
63.279342  |  10.2792201
63.2790836  |  10.2797664
63.2560666  |  10.282868
63.2551891  |  10.2826024
63.2535246  |  10.281562
63.2456257  |  10.275944
63.2441752  |  10.2760482
63.2428169  |  10.2762252
63.2415859  |  10.2763413
63.2402826  |  10.2765156
63.2362224  |  10.2770587
63.2348444  |  10.2772059
63.2346377  |  10.2771992
63.2320286  |  10.2783944
63.2318618  |  10.2786807
63.2315907  |  10.2791554
63.2312763  |  10.2797077
63.2309293  |  10.2803361
63.2309056  |  10.280383
63.2296802  |  10.2831585
63.229602  |  10.2834088
63.2282736  |  10.2860164
63.2276789  |  10.2831182
63.2268568  |  10.2808344
63.2267455  |  10.2805349
63.2263958  |  10.2795184
63.2258047  |  10.2774274
63.2244454  |  10.2762249
63.2242093  |  10.2761113
63.2234383  |  10.2757437
63.2207362  |  10.273137
63.2199451  |  10.2727669
63.2184563  |  10.2713449
63.2181035  |  10.2706147
63.2174324  |  10.2701178
63.2171295  |  10.2699346
63.2168556  |  10.2696251
63.2161176  |  10.2687655
63.2153784  |  10.2678349
63.2135723  |  10.2709832
63.2132817  |  10.2710202
63.2116566  |  10.275489
63.2094565  |  10.2802162
63.2077575  |  10.2799602
63.2062864  |  10.2789054
63.2060923  |  10.2787997
63.204786  |  10.2783887
63.2034065  |  10.278545
63.2004734  |  10.2785529
63.2003573  |  10.27853
63.1977188  |  10.2813483
63.195143  |  10.2855395
63.1949422  |  10.2858719
63.1944489  |  10.2868315
63.1935137  |  10.289651
63.1926671  |  10.2916949
63.1894005  |  10.2925362
63.1836667  |  10.2968881
63.1820017  |  10.2969037
63.1812981  |  10.2968526
63.179822  |  10.297409
63.1771426  |  10.2979657
63.1723296  |  10.2914561
63.1707822  |  10.2894604
63.1676041  |  10.2867457
63.1631458  |  10.2829411
63.1543949  |  10.2703378
63.1521467  |  10.2672979
63.152094  |  10.2674808
63.1513925  |  10.2700339
63.151318  |  10.2702884
63.1499175  |  10.2729344
63.1498593  |  10.2730473
63.1496562  |  10.2734253
63.1492845  |  10.2723347
63.1487633  |  10.271165
63.1485226  |  10.2706893
63.1468451  |  10.2674777
63.1453106  |  10.2650237
63.1438718  |  10.262846
63.1427517  |  10.2611683
63.1401194  |  10.2571932
63.1384514  |  10.2547036
63.1363289  |  10.253159
63.1362507  |  10.2531009
63.1292876  |  10.2454152
63.1256636  |  10.2432039
63.1229277  |  10.2445941
63.1219675  |  10.2450694
63.1128571  |  10.23856
63.1099639  |  10.2342487
63.1085759  |  10.2347308
63.1085094  |  10.2347791
63.1076474  |  10.2353807
63.1063996  |  10.2359936
63.0948743  |  10.2392124
63.0938533  |  10.2417236
63.0927657  |  10.2449858
63.0923066  |  10.2464656
63.0897636  |  10.2499646
63.0884019  |  10.2502911
63.0690797  |  10.2802392
63.0678428  |  10.2854012
63.067639  |  10.2858089
63.0670736  |  10.2868038
63.0667229  |  10.2873303
63.0644403  |  10.2895612
63.0550994  |  10.295451
63.0536861  |  10.297826
63.0517185  |  10.3004963
63.0385066  |  10.2979172
63.036139  |  10.2949562
63.0357389  |  10.294284
63.0331764  |  10.2882854
63.0326932  |  10.2849613
63.0322579  |  10.2802551
63.0285393  |  10.2667279
63.0277507  |  10.2627428
63.0268508  |  10.258605
63.0256495  |  10.2549883
63.0199419  |  10.2471166
63.0177716  |  10.2460194
63.0147873  |  10.246411
63.0060524  |  10.2395664
63.0010165  |  10.2380619
63.0007873  |  10.2381173
62.9972571  |  10.2394451
62.9935992  |  10.2455207
62.9870133  |  10.244484
62.9838395  |  10.2396601
62.9832164  |  10.2378739
62.9824518  |  10.2363391
62.9821348  |  10.2359152
62.9808166  |  10.2346632
62.9796737  |  10.2335273
62.9786026  |  10.232063
62.9773339  |  10.2299023
62.950151  |  10.1933505
62.9499845  |  10.1932512
62.9488849  |  10.1926008
62.9483244  |  10.1923218
62.9473905  |  10.1917844
62.9464506  |  10.1914474
62.9452843  |  10.1910457
62.9451175  |  10.1909604
62.9441546  |  10.1909915
62.9426088  |  10.1911524
62.9417252  |  10.1915004
62.9322875  |  10.1849555
62.9317104  |  10.1840475
62.930868  |  10.1823762
62.9305828  |  10.1818756
62.9300407  |  10.1808487
62.9271825  |  10.1590427
62.9265668  |  10.1566415
62.926332  |  10.1557519
62.9262236  |  10.1553534
62.9248655  |  10.1514345
62.9242144  |  10.1502112
62.9238799  |  10.1496854
62.9233698  |  10.1489335
62.9219911  |  10.1471927
62.9198617  |  10.1446466
62.9174272  |  10.1417626
62.9155721  |  10.1402694
62.9115663  |  10.1359697
62.9100981  |  10.1318085
62.9093303  |  10.1292129
62.9085644  |  10.1273818
62.905436  |  10.1207044
62.9047846  |  10.1188355
62.9038892  |  10.1168723
62.9033353  |  10.1158657
62.9032422  |  10.1156965
62.9026144  |  10.1145906
62.9011297  |  10.1129097
62.8948065  |  10.1050638
62.8942616  |  10.1042426
62.8909839  |  10.1018704
62.886828  |  10.1016212
62.8823861  |  10.0941638
62.8817104  |  10.0929594
62.8755284  |  10.0864488
62.8751807  |  10.0859889
62.8678892  |  10.0793767
62.8678115  |  10.0792132
62.8672919  |  10.0781552
62.8662289  |  10.0738096
62.8661787  |  10.0733345
62.8659931  |  10.0711699
62.8660203  |  10.0705879
62.8664916  |  10.0688773
62.8665656  |  10.0686778
62.8670882  |  10.0666526
62.8686637  |  10.054641
62.8690884  |  10.0526632
62.8691466  |  10.0523953
62.8697747  |  10.0494805
62.8701453  |  10.0449411
62.8702164  |  10.0409928
62.8702186  |  10.0408526
62.8687466  |  10.0299614
62.8682725  |  10.0285208
62.8674394  |  10.0264749
62.861659  |  10.0215652
62.8588027  |  10.0210655
62.8526005  |  10.0204021
62.8524459  |  10.0203045
62.8521678  |  10.0201296
62.8494303  |  10.0192518
62.8493191  |  10.0192075
62.8466864  |  10.0175666
62.8420042  |  10.0155942
62.8395106  |  10.0153855
62.8373872  |  10.0147743
62.8332959  |  10.0124075
62.8328685  |  10.0120761
62.8323715  |  10.0117674
62.8322699  |  10.0117125
62.8318407  |  10.0114795
62.8315161  |  10.0113097
62.8312559  |  10.0111735
62.8304708  |  10.0107395
62.8292507  |  10.0100794
62.8291299  |  10.0100134
62.8288293  |  10.0098664
62.828604  |  10.009751
62.8280662  |  10.0094718
62.8279581  |  10.0093865
62.8275073  |  10.0089756
62.8270764  |  10.0084308
62.8245115  |  10.0095588
62.8240636  |  10.0104034
62.8239741  |  10.0105836
62.8234394  |  10.0116471
62.8233624  |  10.0117944
62.8232625  |  10.0119891
62.8229262  |  10.0126401
62.8208379  |  10.0155898
62.8196504  |  10.0170793
62.8176869  |  10.0197203
62.8171301  |  10.0206713
62.8158834  |  10.0271869
62.8160645  |  10.0320599
62.8160458  |  10.0332766
62.8155772  |  10.034781
62.8145794  |  10.0354187
62.8139674  |  10.0352494
62.8127805  |  10.0320196
62.8103617  |  10.0313964
62.8089542  |  10.0318702
62.8066169  |  10.0334869
62.8065742  |  10.0335167
62.805588  |  10.0341145
62.8052251  |  10.0340614
62.8042841  |  10.0333758
62.8038541  |  10.0328566
62.8027082  |  10.0312961
62.8025208  |  10.0310387
62.8021125  |  10.0304888
62.8008535  |  10.0276564
62.8001759  |  10.0255122
62.8000526  |  10.0252471
62.7982075  |  10.0232176
62.7936941  |  10.0119763
62.7932877  |  10.0095966
62.7932615  |  10.0093889
62.7910679  |  10.0040862
62.7900125  |  10.0034378
62.7875475  |  10.001513
62.7872717  |  10.0009804
62.7848285  |  9.9959844
62.7747045  |  9.9882536
62.7660642  |  9.9899168
62.7564496  |  9.9937931
62.7563831  |  9.9937392
62.753742  |  9.9885827
62.7528426  |  9.9863469
62.752662  |  9.9859688
62.7525308  |  9.9857944
62.751961  |  9.9849058
62.7511444  |  9.9846896
62.7510848  |  9.9846637
62.7505888  |  9.9845054
62.7481191  |  9.983323
62.7479868  |  9.9832776
62.7467255  |  9.9828999
62.7424206  |  9.9831768
62.7418346  |  9.9843431
62.7413153  |  9.9861975
62.7376236  |  9.9905955
62.7370861  |  9.9913392
62.7364187  |  9.9926293
62.7348206  |  9.9957339
62.7344994  |  9.9960547
62.7325038  |  9.9980212
62.730947  |  10.0002254
62.7296961  |  10.0027749
62.7295834  |  10.0029498
62.7272364  |  10.0081329
62.7249488  |  10.0133443
62.7238905  |  10.0162063
62.7225116  |  10.0210806
62.721771  |  10.0233625
62.7214185  |  10.0241924
62.7199685  |  10.0269168
62.7195815  |  10.0279923
62.7195727  |  10.0280225
62.719442  |  10.0285643
62.7182455  |  10.0321972
62.7169188  |  10.0360199
62.7168143  |  10.0367668
62.715618  |  10.0404651
62.7148559  |  10.0438317
62.7147211  |  10.0447514
62.7142682  |  10.0459143
62.7140601  |  10.0465727
62.7115796  |  10.0562102
62.7108648  |  10.0592879
62.7106751  |  10.0635768
62.710517  |  10.0673971
62.710486  |  10.067594
62.7080748  |  10.0855741
62.7077774  |  10.0874832
62.7072765  |  10.091516
62.7069219  |  10.0930858
62.7020139  |  10.1295035
62.7017327  |  10.1313028
62.7014979  |  10.1319643
62.7013957  |  10.1321803
62.6991094  |  10.1350003
62.6976678  |  10.1368332
62.6965441  |  10.1370921
62.6962424  |  10.13706
62.6934682  |  10.1391382
62.6926049  |  10.1396672
62.6897015  |  10.1408588
62.6791908  |  10.1456346
62.6767766  |  10.1463275
62.6762036  |  10.1463049
62.676043  |  10.146303
62.674758  |  10.146746
62.672136  |  10.149968
62.669555  |  10.152063
62.66905  |  10.152699
62.658407  |  10.171881
62.651446  |  10.187014
62.646395  |  10.193284
62.643795  |  10.19785
62.642448  |  10.200858
62.640912  |  10.206451
62.63956  |  10.213922
62.638704  |  10.218615
62.6372473  |  10.2237708
62.636708  |  10.225238
62.636492  |  10.225788
62.6347683  |  10.2291922
62.6269318  |  10.242224
62.623868  |  10.246448
62.622194  |  10.248837
62.6188786  |  10.2531332
62.6173151  |  10.2544282
62.6166689  |  10.25481
62.6163535  |  10.2549827
62.6153894  |  10.2555171
62.612464  |  10.257274
62.6119368  |  10.2576424
62.608706  |  10.260083
62.60128  |  10.265957
62.601057  |  10.266148
62.60036  |  10.266598
62.596191  |  10.26952
62.592915  |  10.274328
62.589889  |  10.279193
62.587889  |  10.282174
62.585778  |  10.284483
62.584575  |  10.285295
62.582302  |  10.287081
62.580036  |  10.290716
62.579926  |  10.290931
62.576001  |  10.300547
62.574941  |  10.303067
62.574284  |  10.304327
62.570525  |  10.308132
62.569969  |  10.30914
62.569492  |  10.310233
62.566916  |  10.317281
62.5665819  |  10.3187095
62.566071  |  10.320837
62.565743  |  10.322106
62.5645676  |  10.3264436
62.5639969  |  10.3291084
62.563434  |  10.330831
62.5633487  |  10.3310748
62.5630938  |  10.3318029
62.562793  |  10.332651
62.5626294  |  10.3331065
62.5623737  |  10.3338252
62.561769  |  10.33554
62.561167  |  10.337195
62.5605194  |  10.3389934
62.559427  |  10.340923
62.5589673  |  10.3413735
62.5577  |  10.342016
62.557293  |  10.342251
62.55544  |  10.344155
62.5538797  |  10.3459294
62.5536565  |  10.3460986
62.551967  |  10.346383
62.551857  |  10.346383
62.5510824  |  10.3465505
62.5508269  |  10.3466716
62.548438  |  10.348239
62.542892  |  10.354435
62.5382752  |  10.3545915
62.534076  |  10.358782
62.53188  |  10.360398
62.531416  |  10.360729
62.5281835  |  10.3660636
62.522671  |  10.373913
62.516887  |  10.378794
62.506351  |  10.375255
62.502905  |  10.37415
62.4968623  |  10.3829055
62.496278  |  10.383698
62.49556  |  10.384476
62.493826  |  10.385757
62.493177  |  10.386073
62.484027  |  10.38959
62.482774  |  10.38959
62.482334  |  10.389565
62.48012  |  10.389887
62.4791638  |  10.3904812
62.4787433  |  10.3907614
62.476576  |  10.392143
62.475126  |  10.392648
62.473081  |  10.393399
62.467122  |  10.397174
62.458973  |  10.398289
62.457554  |  10.397884
62.456007  |  10.397426
62.453947  |  10.39737
62.452034  |  10.397927
62.449428  |  10.39864
62.448287  |  10.398832
62.447271  |  10.398995
62.446437  |  10.399111
62.44567  |  10.399348
62.442858  |  10.400484
62.440751  |  10.4010954
62.4403108  |  10.4010954
62.440059  |  10.401073
62.437655  |  10.400928
62.430023  |  10.402707
62.42817  |  10.403636
62.4222  |  10.405619
62.4151688  |  10.4126069
62.413993  |  10.413682
62.4124005  |  10.4140656
62.4039197  |  10.4219972
62.4023127  |  10.4226752
62.3983364  |  10.4300911
62.3982062  |  10.4309203
62.3973536  |  10.4337879
62.3948198  |  10.439975
62.3942481  |  10.4435734
62.3935661  |  10.4520198
62.3925969  |  10.4569998
62.3916492  |  10.4600233
62.3904925  |  10.462678
62.3840616  |  10.4821789
62.3835272  |  10.4861639
62.381121  |  10.495083
62.3774595  |  10.5089027
62.3751178  |  10.5193114
62.3741145  |  10.5233922
62.372129  |  10.530685
62.3703821  |  10.5357067
62.3695317  |  10.5378938
62.3686748  |  10.5399764
62.367734  |  10.542653
62.3669479  |  10.5454825
62.3655605  |  10.5583514
62.365817  |  10.565898
62.3657529  |  10.5667743
62.3660126  |  10.572917
62.3669124  |  10.5757962
62.367362  |  10.576816
62.3685484  |  10.580879
62.368783  |  10.582827
62.368539  |  10.588912
62.3683678  |  10.5898053
62.3678116  |  10.5924588
62.3677621  |  10.5927046
62.3675296  |  10.5938145
62.3672736  |  10.5949936
62.3665029  |  10.5975796
62.3626908  |  10.6029977
62.3624692  |  10.6035844
62.363394  |  10.629665
62.3634198  |  10.630218
62.363547  |  10.632422
62.3642425  |  10.6501041
62.3624064  |  10.6528544
62.3621426  |  10.6533021
62.3618656  |  10.6537691
62.3617761  |  10.6539171
62.3617066  |  10.6540538
62.3596157  |  10.6581124
62.3589613  |  10.6612261
62.3562411  |  10.6668304
62.353415  |  10.67044
62.34723  |  10.6774698
62.3448988  |  10.678494
62.3430133  |  10.6809331
62.3421845  |  10.6822984
62.338755  |  10.686983
62.3381633  |  10.689209
62.3364536  |  10.6965127
62.3337673  |  10.7030632
62.3334621  |  10.7038657
62.3312442  |  10.707127
62.3242024  |  10.718366
62.323159  |  10.721726
62.3205437  |  10.7263404
62.319402  |  10.7281916
62.3146629  |  10.7313371
62.3142939  |  10.7317156
62.3131947  |  10.7328658
62.3122665  |  10.7337412
62.310849  |  10.7341812
62.310718  |  10.734177
62.308955  |  10.734452
62.3078463  |  10.7350851
62.3048867  |  10.7359645
62.3038349  |  10.7360111
62.298182  |  10.736158
62.2961217  |  10.7362859
62.2935954  |  10.7365369
62.2930996  |  10.737006
62.290077  |  10.7383525
62.2889057  |  10.7384316
62.2888082  |  10.7390367
62.288799  |  10.7392912
62.288902  |  10.743207
62.2879882  |  10.7458041
62.2858034  |  10.7485924
62.2839923  |  10.7552893
62.2838823  |  10.7568272
62.2833111  |  10.7651288
62.2831749  |  10.7671155
62.2831653  |  10.7672352
62.2830217  |  10.7684142
62.2830425  |  10.7685809
62.2829071  |  10.768904
62.2828498  |  10.7688941
62.282508  |  10.7692218
62.2823822  |  10.7693946
62.2813658  |  10.7707118
62.2811034  |  10.7710503
62.2800571  |  10.7724046
62.2794385  |  10.773193
62.2794008  |  10.773256
62.2790671  |  10.7736851
62.2784825  |  10.7744002
62.278232  |  10.7748317
62.2782182  |  10.7749578
62.2780865  |  10.7750586
62.2780451  |  10.7750103
62.2778005  |  10.7750449
62.2777694  |  10.7750678
62.277451  |  10.7753085
62.2768771  |  10.7757756
62.2764908  |  10.7761007
62.2763184  |  10.7762345
62.2761327  |  10.7763887
62.2753665  |  10.7769926
62.275105  |  10.7771945
62.2746205  |  10.7769456
62.2742039  |  10.7758914
62.273974  |  10.7752662
62.2738587  |  10.7749299
62.2736991  |  10.7744239
62.2729658  |  10.7726505
62.2725481  |  10.7715566
62.2723175  |  10.7709918
62.2719356  |  10.7701614
62.2717419  |  10.7704019
62.2710268  |  10.771168
62.2709427  |  10.7714646
62.2709321  |  10.7715643
62.2709412  |  10.7717015
62.2708635  |  10.7719118
62.2708276  |  10.771928
62.2707202  |  10.7718119
62.2707008  |  10.7716367
62.2705663  |  10.771317
62.2701783  |  10.7708365
62.2698422  |  10.7704268
62.2684752  |  10.7688779
62.2681027  |  10.768633
62.2630182  |  10.7671058
62.2623008  |  10.7659508
62.2619915  |  10.7653758
62.2596823  |  10.7618591
62.2498272  |  10.7514663
62.2495942  |  10.751326
62.2492245  |  10.7510527
62.2487829  |  10.7505997
62.2468663  |  10.7459674
62.2467419  |  10.7455156
62.2465035  |  10.7443083
62.2461513  |  10.7355916
62.2453373  |  10.7329028
62.2435944  |  10.7322075
62.24137  |  10.7336433
62.2392734  |  10.7305546
62.2387251  |  10.7293802
62.236471  |  10.7278
62.2348945  |  10.7263945
62.2272432  |  10.7277042
62.2242995  |  10.7350468
62.2233594  |  10.7373195
62.2227064  |  10.7389657
62.2223036  |  10.7403676
62.2222529  |  10.7406027
62.222164  |  10.741049
62.222073  |  10.741576
62.221555  |  10.744138
62.2199118  |  10.7470232
62.2165675  |  10.7550464
62.2154625  |  10.7572488
62.2142926  |  10.7589475
62.2120942  |  10.7603891
62.2119808  |  10.7603754
62.2113147  |  10.7603164
62.2079635  |  10.7643975
62.2051497  |  10.7650987
62.204521  |  10.764257
62.2042215  |  10.7638468
62.2004933  |  10.7621342
62.197667  |  10.762639
62.195493  |  10.763996
62.1920345  |  10.7663566
62.1913593  |  10.766973
62.178867  |  10.769436
62.1731612  |  10.7672711
62.170906  |  10.7681019
62.170388  |  10.768257
62.1697582  |  10.7685793
62.168781  |  10.769456
62.1620426  |  10.7768742
62.1619653  |  10.7769198
62.1585756  |  10.7792591
62.154529  |  10.782617
62.1490831  |  10.7843403
62.1487227  |  10.7844619
62.1435811  |  10.7863765
62.1416873  |  10.788896
62.1406554  |  10.7903256
62.1405179  |  10.790508
62.138967  |  10.792636
62.1379935  |  10.7939134
62.1377123  |  10.7942356
62.1375694  |  10.7943974
62.1375241  |  10.794447
62.1373111  |  10.7946751
62.1362765  |  10.7956005
62.1354707  |  10.7962473
62.134449  |  10.797042
62.1337035  |  10.7973077
62.133431  |  10.797305
62.1328605  |  10.7973
62.1311924  |  10.797282
62.1292134  |  10.7972656
62.128091  |  10.7975469
62.127954  |  10.7975878
62.1262156  |  10.7981346
62.124604  |  10.7986374
62.1238652  |  10.7988598
62.1235611  |  10.7989531
62.1205118  |  10.8000559
62.1194238  |  10.8006644
62.1190173  |  10.80087
62.1178204  |  10.8013758
62.117802  |  10.8013826
62.1177356  |  10.8014072
62.1175832  |  10.8014589
62.1175424  |  10.8014729
62.1174754  |  10.8014958
62.1168083  |  10.8017261
62.1166558  |  10.8017819
62.1165817  |  10.801809
62.1163695  |  10.8018866
62.1129086  |  10.8041127
62.112194  |  10.8057839
62.1103299  |  10.8081489
62.1088579  |  10.809789
62.1087085  |  10.8099542
62.1079936  |  10.8107442
62.1071229  |  10.8116938
62.1058028  |  10.8131435
62.1039664  |  10.8146915
62.1038179  |  10.8147942
62.1031173  |  10.81527
62.1018304  |  10.8161471
62.1007633  |  10.816937
62.0986349  |  10.8188116
62.0975279  |  10.8201077
62.0969537  |  10.8207712
62.0960726  |  10.8215824
62.0933585  |  10.8231077
62.08995  |  10.8278538
62.0860287  |  10.8307048
62.0797003  |  10.8400081
62.0782422  |  10.8439539
62.0745483  |  10.8513857
62.0666557  |  10.8560526
62.0495806  |  10.8718061
62.029358  |  10.915114
62.0281592  |  10.918723
62.0280725  |  10.919
62.0279557  |  10.9193281
62.0275838  |  10.9200964
62.0258186  |  10.922513
62.0244313  |  10.9239762
62.0226508  |  10.9259329
62.0176489  |  10.9306925
62.0174069  |  10.9309145
62.0170985  |  10.9311929
62.0152486  |  10.932893
62.0132165  |  10.9345838
61.9914008  |  10.9620006
61.9862125  |  10.9669627
61.9833867  |  10.9685137
61.9716625  |  10.9732591
61.9715144  |  10.9732725
61.9714457  |  10.9732966
61.9665234  |  10.9783754
61.9625983  |  10.9813174
61.9625835  |  10.9813357
61.9567854  |  10.9885828
61.9539185  |  10.9966655
61.9531838  |  10.9984892
61.9531553  |  10.9985638
61.9521051  |  11.0010718
61.9457127  |  11.0084993
61.9443096  |  11.0102535
61.9423633  |  11.0155114
61.9406997  |  11.0231375
61.9380268  |  11.0340062
61.9338325  |  11.0508921
61.9336949  |  11.0524102
61.9329927  |  11.0552068
61.9325958  |  11.0555042
61.9324266  |  11.0555565
61.9317229  |  11.0557536
61.9308912  |  11.0559903
61.9304559  |  11.0561188
61.929266  |  11.0564586
61.9280928  |  11.0567969
61.9269343  |  11.0571162
61.9260621  |  11.0572935
61.9233665  |  11.0577634
61.9221957  |  11.0577905
61.9216952  |  11.057815
61.9207272  |  11.0578571
61.9191049  |  11.0575084
61.9182984  |  11.057376
61.9169854  |  11.0572269
61.911732  |  11.058976
61.9101431  |  11.0592954
61.9085126  |  11.060986
61.9084911  |  11.0610192
61.9077673  |  11.0618253
61.9067294  |  11.0628719
61.9059173  |  11.0636809
61.9037072  |  11.0665663
61.9033108  |  11.0671697
61.9031051  |  11.0674833
61.9024713  |  11.0682755
61.9009994  |  11.0718338
61.9005475  |  11.0732581
61.8994881  |  11.0746559
61.8994168  |  11.074737
61.8990442  |  11.0751297
61.897679  |  11.075664
61.8968907  |  11.0755146
61.8964944  |  11.0754225
61.895822  |  11.075263
61.8947203  |  11.0752424
61.8940958  |  11.0756882
61.8940501  |  11.0757265
61.8936118  |  11.0760513
61.8934282  |  11.0761932
61.8926629  |  11.0767716
61.8920663  |  11.0772668
61.891284  |  11.0777271
61.8909598  |  11.0778669
61.8892692  |  11.0780577
61.8886562  |  11.0779019
61.8865811  |  11.0777869
61.8859859  |  11.0776537
61.8859548  |  11.0776348
61.8852794  |  11.0773385
61.8849068  |  11.0775101
61.8842129  |  11.0794635
61.8838706  |  11.0800387
61.8832636  |  11.0801545
61.8805773  |  11.0830531
61.879726  |  11.0838808
61.8793703  |  11.0841924
61.8781805  |  11.0851923
61.8768101  |  11.0868774
61.8756779  |  11.0892093
61.8755168  |  11.0894702
61.8747705  |  11.0903804
61.8732833  |  11.0914891
61.8732514  |  11.0915129
61.8730652  |  11.0916556
61.8715398  |  11.0940633
61.8697808  |  11.0951099
61.86888  |  11.095832
61.8682121  |  11.0963645
61.8668031  |  11.0974612
61.8639138  |  11.0991061
61.8605729  |  11.1018008
61.8596925  |  11.102523
61.8574658  |  11.1035578
61.8569249  |  11.1036608
61.8562777  |  11.1039547
61.8561782  |  11.1040034
61.8542484  |  11.104763
61.8512559  |  11.1064151
61.8485267  |  11.1077984
61.8484822  |  11.1078202
61.8482333  |  11.1079422
61.844741  |  11.1098979
61.8418073  |  11.1124991
61.8375918  |  11.1149385
61.8290624  |  11.1186981
61.8284507  |  11.1190746
61.8270028  |  11.1194611
61.8199264  |  11.1215283
61.8151624  |  11.1227721
61.8094132  |  11.1264715
61.8072043  |  11.1278897
61.8063273  |  11.1284933
61.8059433  |  11.1288106
61.8045924  |  11.1301205
61.8007517  |  11.1317852
61.8003757  |  11.1318293
61.7990595  |  11.1319678
61.7989795  |  11.1319766
61.7989356  |  11.1319802
61.7988003  |  11.1319934
61.7983002  |  11.1320469
61.7982026  |  11.1320611
61.7951468  |  11.1324018
61.7943266  |  11.1327199
61.7939451  |  11.1329578
61.7933559  |  11.1334857
61.792958  |  11.1339393
61.7924657  |  11.1344833
61.7919078  |  11.1348404
61.7914844  |  11.1350241
61.7896743  |  11.1358695
61.788777  |  11.1360388
61.7887228  |  11.1360487
61.7873682  |  11.1373379
61.7870743  |  11.1377836
61.7870547  |  11.1378069
61.7862974  |  11.1381745
61.7859545  |  11.1382253
61.7833487  |  11.1396238
61.7813199  |  11.1414628
61.7811775  |  11.1415652
61.7809988  |  11.1416869
61.7779398  |  11.1441928
61.777278  |  11.1448943
61.7767849  |  11.1454025
61.7766739  |  11.1455151
61.7748661  |  11.1472858
61.7747375  |  11.14744
61.7743913  |  11.1479025
61.773591  |  11.1486366
61.7726866  |  11.1489024
61.772577  |  11.148963
61.7716429  |  11.1498068
61.7712012  |  11.1502611
61.7705515  |  11.1512206
61.7681835  |  11.1547001
61.7666087  |  11.1577341
61.7663797  |  11.1580839
61.766114  |  11.1584815
61.7658516  |  11.1587969
61.7657934  |  11.1588594
61.7617924  |  11.1680198
61.7610804  |  11.1693968
61.760698  |  11.1701111
61.7606154  |  11.1702699
61.7605772  |  11.1703387
61.7600327  |  11.1713601
61.7599138  |  11.1715879
61.7598916  |  11.1716313
61.7596632  |  11.1720536
61.7586257  |  11.1740002
61.7585472  |  11.1741508
61.7577553  |  11.1755581
61.7566579  |  11.1766656
61.7565461  |  11.1767723
61.7560339  |  11.1772924
61.7555556  |  11.1777642
61.7555563  |  11.1777685
61.7554417  |  11.1778946
61.754935  |  11.1783643
61.7544591  |  11.1787871
61.7539081  |  11.1792816
61.7526881  |  11.1804022
61.7525142  |  11.1806372
61.7510408  |  11.1830575
61.7494966  |  11.1863006
61.7491509  |  11.1870208
61.7490478  |  11.1872353
61.7480606  |  11.1886375
61.745132  |  11.1930207
61.7443373  |  11.1935711
61.744237  |  11.1936771
61.7431793  |  11.1949958
61.7421762  |  11.1961977
61.7416532  |  11.1967377
61.7413527  |  11.1970609
61.7395908  |  11.1979228
61.7347937  |  11.2001579
61.7340323  |  11.2004067
61.7328029  |  11.2010722
61.732405  |  11.2012238
61.7318422  |  11.2013663
61.7285978  |  11.201637
61.7255804  |  11.2015099
61.7232573  |  11.2005776
61.7226609  |  11.2001366
61.7220487  |  11.1996049
61.7218827  |  11.1994553
61.7214395  |  11.1990417
61.7206251  |  11.1982588
61.720583  |  11.1982176
61.7197746  |  11.1974818
61.7196817  |  11.1974059
61.7177663  |  11.1963234
61.7146211  |  11.1961091
61.710937  |  11.1962869
61.7056934  |  11.1978378
61.7042973  |  11.1980235
61.7042561  |  11.1980277
61.7029371  |  11.1979948
61.7023337  |  11.1978036
61.7020021  |  11.1976767
61.7009036  |  11.1973652
61.7006306  |  11.1973231
61.7001176  |  11.1972903
61.696252  |  11.1965766
61.6962291  |  11.1965488
61.6959903  |  11.1962506
61.6959841  |  11.1963057
61.695956  |  11.1965741
61.6959528  |  11.1966158
61.6959491  |  11.197764
61.6959494  |  11.1978049
61.6959501  |  11.197948
61.6959253  |  11.1996929
61.6958609  |  11.2025708
61.695826  |  11.2034572
61.6957817  |  11.204356
61.6956611  |  11.2068726
61.6956054  |  11.2086658
61.6956067  |  11.2087167
61.695643  |  11.2094076
61.6957946  |  11.2117658
61.6958884  |  11.2132571
61.6959459  |  11.2141705
61.6953704  |  11.2143487
61.6951157  |  11.2144098
61.6923675  |  11.2160868
61.6918499  |  11.2165224
61.6896741  |  11.2179449
61.6885709  |  11.2178403
61.6881607  |  11.2178798
61.6876067  |  11.2179167
61.6860539  |  11.2176358
61.6857385  |  11.2175976
61.6844186  |  11.2177719
61.6827662  |  11.218071
61.6815738  |  11.2182132
61.6809037  |  11.2179715
61.6803384  |  11.2177552
61.6795261  |  11.2175517
61.6786115  |  11.217548
61.6774516  |  11.2168466
61.6765809  |  11.216793
61.6756943  |  11.2168502
61.6736147  |  11.217735
61.6721376  |  11.2180591
61.6693528  |  11.2182574
61.6675204  |  11.2189058
61.6668929  |  11.2192538
61.6659413  |  11.2195194
61.6655728  |  11.2197554
61.6654388  |  11.2198419
61.6643691  |  11.2202878
61.661241  |  11.2204622
61.6609628  |  11.2203079
61.6603716  |  11.2197251
61.6601272  |  11.2194577
61.6577166  |  11.2186101
61.6398069  |  11.2173924
61.6212262  |  11.2256427
61.6195001  |  11.2286992
61.6172417  |  11.2319204
61.611168  |  11.2336542
61.6063259  |  11.2333786
61.6022971  |  11.2345648
61.6018233  |  11.234462
61.592033  |  11.2387402
61.5855062  |  11.24031
61.5781064  |  11.2337786
61.5777992  |  11.2334596
61.5682047  |  11.2263469
61.5676073  |  11.226498
61.5608719  |  11.224192
61.5549184  |  11.2252108
61.5534885  |  11.225311
61.5530913  |  11.2254424
61.5380112  |  11.2293939
61.5353564  |  11.2313857
61.5246254  |  11.238502
61.522342  |  11.2407209
61.5034058  |  11.2714148
61.4978976  |  11.2775454
61.4974109  |  11.2778691
61.4970143  |  11.2782613
61.4903865  |  11.287971
61.4826199  |  11.3016627
61.4792057  |  11.3078103
61.4782901  |  11.3090774
61.4781714  |  11.309238
61.4778747  |  11.3096027
61.4732509  |  11.3148344
61.4719069  |  11.3164761
61.468536  |  11.320758
61.4666858  |  11.323114
61.4659919  |  11.3239852
61.4641331  |  11.3262163
61.4632269  |  11.3268092
61.462531  |  11.3270885
61.4617274  |  11.3273925
61.4612519  |  11.327588
61.4610444  |  11.3276754
61.4605745  |  11.3278799
61.4580059  |  11.330127
61.4564021  |  11.3310457
61.4555612  |  11.3313479
61.4519457  |  11.332608
61.4497547  |  11.3334677
61.4467931  |  11.3348311
61.4443061  |  11.3363396
61.442531  |  11.3377257
61.4389255  |  11.3409457
61.4380321  |  11.3416256
61.4357493  |  11.3433623
61.4350706  |  11.3440704
61.434589  |  11.3445774
61.4338903  |  11.3452882
61.4335257  |  11.3456546
61.4305096  |  11.3489802
61.4281802  |  11.3491827
61.4277708  |  11.3488754
61.4253736  |  11.3493405
61.4223287  |  11.3518182
61.4199466  |  11.3514307
61.4180951  |  11.3514914
61.417229  |  11.3515667
61.4144058  |  11.3520613
61.4136932  |  11.3525008
61.4076737  |  11.3573542
61.4058891  |  11.3589506
61.405803  |  11.35906
61.4045883  |  11.3604645
61.4041461  |  11.3609669
61.4030096  |  11.3623102
61.4008729  |  11.3648141
61.3980302  |  11.3681383
61.397979  |  11.3682061
61.3958061  |  11.3706366
61.3957322  |  11.3706976
61.394972  |  11.3714063
61.3939238  |  11.3717679
61.3902951  |  11.3716438
61.389112  |  11.3720678
61.3848029  |  11.372488
61.3816939  |  11.3699778
61.3699348  |  11.3744083
61.3698402  |  11.3744677
61.3693748  |  11.3747403
61.3692474  |  11.3748154
61.3679789  |  11.3755429
61.363509  |  11.3788205
61.3629547  |  11.3796055
61.3592301  |  11.3837559
61.3489443  |  11.3953326
61.3356747  |  11.414787
61.3349384  |  11.4156446
61.3322423  |  11.4210575
61.329805  |  11.4249773
61.3259919  |  11.4309195
61.3231647  |  11.4352317
61.3225492  |  11.4359788
61.3214637  |  11.4371547
61.321182  |  11.437449
61.3208796  |  11.4377614
61.3192563  |  11.4400586
61.3100475  |  11.4463741
61.3100077  |  11.4463904
61.3098922  |  11.4464208
61.3088348  |  11.4468672
61.3083414  |  11.4473118
61.3074506  |  11.4482313
61.3067566  |  11.4489434
61.3060482  |  11.4496889
61.3052063  |  11.4510008
61.3048633  |  11.4515591
61.3034256  |  11.4539043
61.3029837  |  11.4546027
61.3014957  |  11.4570524
61.3012248  |  11.4574492
61.301007  |  11.4577062
61.3009193  |  11.4577982
61.3008124  |  11.4578993
61.300647  |  11.4580376
61.3005705  |  11.4581023
61.297945  |  11.4599256
61.2971779  |  11.4606431
61.2951898  |  11.4621153
61.2938526  |  11.4632458
61.2922875  |  11.4645121
61.2910924  |  11.465379
61.2859509  |  11.4694579
61.2855202  |  11.4699015
61.2807592  |  11.4738246
61.2753635  |  11.4775538
61.2697392  |  11.4822444
61.2561346  |  11.4904335
61.2558034  |  11.490519
61.2531431  |  11.4911686
61.2502837  |  11.4918347
61.2487012  |  11.4924253
61.24752  |  11.4933834
61.2451897  |  11.4956203
61.244158  |  11.4966184
61.2438951  |  11.4968762
61.2422366  |  11.4984501
61.2404732  |  11.4991725
61.2394153  |  11.4994432
61.2338482  |  11.5001763
61.230815  |  11.5004819
61.2276581  |  11.5014574
61.2241814  |  11.5010834
61.2220762  |  11.5002629
61.2209467  |  11.4998395
61.2196689  |  11.499331
61.2191858  |  11.4991767
61.2147989  |  11.4976259
61.2126295  |  11.4964102
61.2101691  |  11.4933728
61.2084581  |  11.49239
61.2064559  |  11.4924657
61.2014324  |  11.4962435
61.201061  |  11.4965493
61.2002591  |  11.4971935
61.1999249  |  11.4974747
61.1992255  |  11.4977815
61.1984313  |  11.4975457
61.1981642  |  11.4974022
61.1950818  |  11.4961861
61.1921751  |  11.4963063
61.1884598  |  11.4929733
61.185252  |  11.4896255
61.184343  |  11.48909
61.1821709  |  11.487705
61.1793746  |  11.4858499
61.1784871  |  11.4855151
61.176433  |  11.4851131
61.1756027  |  11.4848036
61.173748  |  11.4836034
61.1694479  |  11.4732118
61.1680662  |  11.470029
61.165133  |  11.4641905
61.164722  |  11.4633167
61.1645695  |  11.4629841
61.1640365  |  11.4618792
61.1623602  |  11.4585677
61.1622024  |  11.4582388
61.1613477  |  11.4558093
61.1610108  |  11.454411
61.1606646  |  11.4519312
61.1601169  |  11.4461949
61.1601087  |  11.4458551
61.1601046  |  11.445357
61.1600957  |  11.444986
61.1600909  |  11.4436788
61.1600694  |  11.4426897
61.1600112  |  11.4415653
61.1599334  |  11.440045
61.1596188  |  11.4370237
61.1593469  |  11.4353529
61.1593308  |  11.4352543
61.1584025  |  11.4326758
61.1582671  |  11.4324057
61.1547698  |  11.4271153
61.1374552  |  11.3914408
61.1370303  |  11.390792
61.1358018  |  11.3888803
61.1340847  |  11.3854613
61.1334346  |  11.3843062
61.133063  |  11.3828478
61.1329329  |  11.3794986
61.1324014  |  11.3776378
61.1309414  |  11.3750368
61.1307357  |  11.3743457
61.1305911  |  11.3724034
61.1307523  |  11.3707758
61.1309324  |  11.3694018
61.1311129  |  11.367884
61.131195  |  11.3672212
61.1312143  |  11.3670738
61.1309236  |  11.3668236
61.1305655  |  11.3664736
61.1292134  |  11.3647189
61.1275519  |  11.3630257
61.1213773  |  11.363084
61.1203541  |  11.3631664
61.1177997  |  11.3646939
61.1161492  |  11.3653325
61.0986238  |  11.3590971
61.0976897  |  11.3588193
61.0968003  |  11.358586
61.0963567  |  11.3584464
61.0865857  |  11.3522256
61.0847773  |  11.3511471
61.0643847  |  11.349437
61.0640421  |  11.3496523
61.062288  |  11.3507959
61.0586659  |  11.3511745
61.0574834  |  11.3511736
61.0524778  |  11.3543934
61.050092  |  11.3577043
61.044056  |  11.3667253
61.0438906  |  11.3669629
61.0384574  |  11.3729594
61.0361882  |  11.3738693
61.0303278  |  11.3786338
61.029305  |  11.379504
61.0289945  |  11.3797666
61.024175  |  11.383861
61.023873  |  11.384112
61.0196324  |  11.3878025
61.015935  |  11.392549
61.015861  |  11.392643
61.015447  |  11.39319
61.013189  |  11.396142
61.011917  |  11.397823
61.011422  |  11.398468
61.009305  |  11.400798
61.0093343  |  11.4010489
61.009369  |  11.401279
61.007716  |  11.404923
61.007462  |  11.405371
60.994154  |  11.429545
60.98959  |  11.441734
60.988474  |  11.445372
60.983959  |  11.457521
60.982714  |  11.458941
60.979578  |  11.46092
60.979259  |  11.460573
60.978764  |  11.461488
60.978615  |  11.461766
60.978414  |  11.46214
60.976836  |  11.46503
60.97466  |  11.469872
60.973433  |  11.473558
60.973275  |  11.474023
60.973034  |  11.474653
60.97108  |  11.478312
60.968199  |  11.481738
60.9674005  |  11.4823595
60.96448  |  11.485313
60.961682  |  11.488245
60.957968  |  11.490118
60.957932  |  11.490128
60.957504  |  11.490259
60.957417  |  11.490314
60.956295  |  11.490722
60.955643  |  11.49092
60.951206  |  11.492251
60.950854  |  11.492383
60.941825  |  11.499653
60.941457  |  11.499985
60.927671  |  11.507017
60.927393  |  11.507127
60.917425  |  11.50943
60.908665  |  11.509065
60.907817  |  11.508619
60.907745  |  11.50858
60.890692  |  11.50653
60.888936  |  11.507501
60.887895  |  11.508273
60.887686  |  11.508607
60.887527  |  11.508483
60.887477  |  11.507956
60.887042  |  11.506707
60.886561  |  11.505865
60.88592  |  11.504573
60.884777  |  11.501595
60.8836211  |  11.4968222
60.8834763  |  11.4959197
60.880529  |  11.470821
60.880384  |  11.469989
60.877846  |  11.4555
60.8717767  |  11.442761
60.8714522  |  11.4423714
60.8604513  |  11.4131781
60.8602178  |  11.4123597
60.8497386  |  11.3746942
60.8475148  |  11.365422
60.8455564  |  11.3598202
60.8453756  |  11.3593366
60.8371755  |  11.3026358
60.8368795  |  11.3010818
60.8353545  |  11.2966496
60.8351954  |  11.296358
60.8296393  |  11.2930616
60.8288058  |  11.2929686
60.8281658  |  11.2928975
60.8267521  |  11.2926996
60.825657  |  11.2925729
60.8175271  |  11.2857296
60.8131006  |  11.2859145
60.812999  |  11.2859388
60.803145  |  11.2901998
60.8024965  |  11.2905669
60.8004648  |  11.2915761
60.7993042  |  11.2920346
60.7979199  |  11.2925196
60.79083  |  11.2979639
60.7901224  |  11.2987791
60.7894974  |  11.2994832
60.7891012  |  11.2999472
60.7886261  |  11.3004855
60.7873547  |  11.3028852
60.7854992  |  11.3040811
60.7851444  |  11.3044773
60.7844659  |  11.3052575
60.7810035  |  11.307176
60.7657829  |  11.3100561
60.7541281  |  11.3032284
60.7520578  |  11.3019545
60.7517504  |  11.3017908
60.7324599  |  11.2964061
60.7321411  |  11.296088
60.7300141  |  11.2948405
60.728401  |  11.2925023
60.718766  |  11.2872242
60.7159813  |  11.2845817
60.7154604  |  11.2840857
60.7148295  |  11.2835092
60.7140933  |  11.2828394
60.7136871  |  11.2825104
60.713127  |  11.2820771
60.7124769  |  11.2816421
60.711683  |  11.2811512
60.7109918  |  11.2807362
60.7091232  |  11.2795882
60.7080731  |  11.2789437
60.7055409  |  11.2769287
60.7049188  |  11.2759664
60.7045704  |  11.2753484
60.7012941  |  11.2740987
60.7004667  |  11.2749354
60.6988806  |  11.275989
60.6986587  |  11.2760867
60.6977274  |  11.2763691
60.6962577  |  11.2765809
60.6932467  |  11.277278
60.6894636  |  11.280025
60.6885186  |  11.2807718
60.6806982  |  11.2847249
60.6766071  |  11.2863047
60.6507638  |  11.2923281
60.6505183  |  11.2924269
60.6358142  |  11.2989639
60.6346803  |  11.2993028
60.6300724  |  11.2999205
60.6225748  |  11.2993807
60.622192  |  11.2994076
60.6077869  |  11.3095366
60.6075389  |  11.3096444
60.5984466  |  11.3039476
60.5951264  |  11.2992762
60.5812451  |  11.2776712
60.580183  |  11.2768043
60.5793431  |  11.2760112
60.5744139  |  11.2691163
60.5731203  |  11.2665612
60.5662175  |  11.2581026
60.5636608  |  11.2559541
60.562838  |  11.255459
60.5603652  |  11.2540732
60.546286  |  11.2474387
60.5321958  |  11.2435771
60.526427  |  11.2428656
60.5165002  |  11.2436861
60.5125563  |  11.2438098
60.5045189  |  11.2405968
60.504104  |  11.2402082
60.4994175  |  11.2385757
60.4989588  |  11.2384602
60.4851194  |  11.2376808
60.4840119  |  11.2388247
60.463843  |  11.2448972
60.4624116  |  11.2440641
60.4412189  |  11.2421705
60.4390158  |  11.2420661
60.4331478  |  11.240877
60.4310433  |  11.2409092
60.4175271  |  11.2410493
60.4157288  |  11.2412431
60.4110899  |  11.2402854
60.4032575  |  11.2367205
60.4024352  |  11.2361829
60.40143  |  11.2353627
60.3975157  |  11.2298284
60.3912401  |  11.2180286
60.3873468  |  11.2137733
60.384769  |  11.2119378
60.3839345  |  11.2114867
60.3771226  |  11.2082023
60.3742482  |  11.2068724
60.3478781  |  11.2088917
60.347632  |  11.2088735
60.3460065  |  11.2085522
60.337216  |  11.1970846
60.3360644  |  11.1951611
60.333713  |  11.1920066
60.3331318  |  11.1914241
60.3292531  |  11.1881085
60.328164  |  11.1864772
60.3263134  |  11.1825025
60.3260056  |  11.1818173
60.3196991  |  11.1593604
60.3194456  |  11.1577274
60.3154749  |  11.1485211
60.3087606  |  11.1415517
60.2919806  |  11.1345967
60.2904669  |  11.1337711
60.2877202  |  11.133943
60.2864898  |  11.1347379
60.2851339  |  11.1362851
60.2574751  |  11.1779506
60.2559921  |  11.1793637
60.2524927  |  11.181947
60.2522631  |  11.182049
60.2478258  |  11.1830356
60.2406799  |  11.1794134
60.2397919  |  11.1786669
60.2334113  |  11.1739525
60.2309718  |  11.1734623
60.2304058  |  11.1734645
60.228138  |  11.1739605
60.2236588  |  11.1771266
60.2233115  |  11.1774098
60.1897985  |  11.1882843
60.1892848  |  11.1878391
60.1853049  |  11.1823054
60.1672725  |  11.1614151
60.162197  |  11.1562677
60.1616759  |  11.1557235
60.152795  |  11.1492371
60.1495825  |  11.1493609
60.1336483  |  11.1589551
60.1301889  |  11.1630098
60.0836365  |  11.1490612
60.0754675  |  11.1521817
60.0489869  |  11.1359675
60.0469325  |  11.1319015
60.0390168  |  11.1117175
60.0375061  |  11.1078311
60.0331938  |  11.1003648
60.0312928  |  11.098639
60.0296626  |  11.0967991
60.0189981  |  11.0679813
60.0137696  |  11.0648371
59.998472  |  11.0415626
59.9983073  |  11.0412617
59.9982832  |  11.0412149
59.9956497  |  11.0361804
59.9894706  |  11.0289066
59.9891673  |  11.02847
59.9858796  |  11.0123824
59.9856831  |  11.0100341
59.9827473  |  10.9992642
59.9816819  |  10.997438
59.9809626  |  10.9964156
59.9800575  |  10.9953738
59.9795284  |  10.9948458
59.9779178  |  10.9934858
59.9770285  |  10.9928881
59.9763396  |  10.9924556
59.9750211  |  10.9917133
59.9697797  |  10.9893043
59.969439  |  10.9891167
59.9500631  |  10.9529517
59.949324  |  10.9512567
59.9485334  |  10.9485735
59.9483206  |  10.9475333
59.9482126  |  10.9469579
59.9482031  |  10.9469102
59.9479908  |  10.9455783
59.946276  |  10.94061
59.9457089  |  10.939902
59.9447414  |  10.9391234
59.944062  |  10.9387163
59.9434436  |  10.9383708
59.9427257  |  10.9379502
59.9411575  |  10.936481
59.9405162  |  10.9353899
59.9402309  |  10.9347567
59.9392459  |  10.9294542
59.9392637  |  10.9282228
59.9395031  |  10.9255596
59.9396007  |  10.9246795
59.9397614  |  10.922965
59.9399686  |  10.9163203
59.9396251  |  10.913919
59.9394937  |  10.9129865
59.9395091  |  10.9053077
59.9394235  |  10.9012843
59.9389215  |  10.8975152
59.9379977  |  10.8931096
59.9354322  |  10.8830854
59.9346684  |  10.8801889
59.9327851  |  10.872819
59.9323932  |  10.8713426
59.9321619  |  10.8705567
59.931617  |  10.8690287
59.9307105  |  10.8671481
59.9271477  |  10.8599355
59.9266465  |  10.8581039
59.9260909  |  10.8552314
59.925772  |  10.8532308
59.9242561  |  10.8462818
59.9236542  |  10.8414738
59.9235937  |  10.8353721
59.9235737  |  10.8335461
59.9234772  |  10.8315381
59.9228563  |  10.8282745
59.9214049  |  10.8244764
59.9198865  |  10.8202443
59.9192545  |  10.8181787
59.9191044  |  10.8176822
59.919082  |  10.8176081
59.9189673  |  10.8172071
59.9187125  |  10.8162735
59.917544  |  10.8118516
59.9174855  |  10.8116424
59.9172015  |  10.8107713
59.9167451  |  10.8096576
59.914506  |  10.8049514
59.9138687  |  10.8036239
59.9129293  |  10.8005829
59.9121125  |  10.7978529
59.9112822  |  10.7952948
59.9108612  |  10.7941028
59.9099034  |  10.7933562
59.9098679  |  10.7933613
59.9053879  |  10.7856978
59.9049546  |  10.7851548
59.9046126  |  10.7847658
59.9035221  |  10.7844434
59.9033741  |  10.7843524
59.9032922  |  10.7841439
59.9032759  |  10.7837472
59.9033193  |  10.7833888
59.9033339  |  10.7832204
59.9033365  |  10.7825195
59.9033447  |  10.7823197
59.9033586  |  10.7819321
59.9032953  |  10.7817006
59.9032802  |  10.7816615
59.9032313  |  10.7816533
59.9031684  |  10.7814064
59.9032908  |  10.7812732
59.9033201  |  10.7812695
59.9031692  |  10.7804416
59.9031656  |  10.7804436
59.903106  |  10.7804838
59.9031089  |  10.7800249
59.9031562  |  10.7798942
59.9033754  |  10.7781055
59.9034422  |  10.7773599
59.9035122  |  10.7765959
59.903933  |  10.7745502
59.9047428  |  10.7715953
59.9048541  |  10.7710216
59.9048858  |  10.7708876
59.9049845  |  10.7704999
59.9050965  |  10.7700814
59.9052548  |  10.7694586
59.905484  |  10.7689911
59.9057093  |  10.7677336
59.9057271  |  10.76768
59.9058458  |  10.7672402
59.9058529  |  10.7671787
59.9060953  |  10.7652829
59.9060829  |  10.7650848
59.9063034  |  10.763923
59.9063515  |  10.7637096
59.9067278  |  10.7620927
59.9067799  |  10.7618755
59.9069224  |  10.7612947
59.9071055  |  10.7605374
59.9072364  |  10.759981
59.9074109  |  10.7592762
59.9075556  |  10.7586771
59.9079496  |  10.757055
59.9081533  |  10.7562213
59.908171  |  10.7561476
59.9082592  |  10.755793
59.9082971  |  10.7556391
59.9084708  |  10.7549177
59.9088214  |  10.7534629
59.9089765  |  10.7528404
59.9094812  |  10.7506645
59.9096089  |  10.750549
59.9099065  |  10.7494506
59.9096139  |  10.7490889
59.9092878  |  10.7487571
59.9095018  |  10.7478643
59.909753  |  10.7468721
59.9099944  |  10.7459293
59.9104779  |  10.7439347
59.9108274  |  10.742521
59.9114586  |  10.7431288
59.9127156  |  10.7443617
59.9131326  |  10.7447931
59.9132268  |  10.7448416
59.9133988  |  10.7443884
59.9140357  |  10.7426391
59.9144419  |  10.7414947
59.9146872  |  10.7408004
59.9149148  |  10.7400543
59.9138253  |  10.7388387
59.9138042  |  10.7388163
59.9134523  |  10.738421
